2689 200
4068 173
2050 314
3574 363
5824 399
5204 404
5408 412
4323 368
4830 280
742 171
4467 208
4882 87
5749 78
4757 297
3772 452
3782 122
420 126
2029 53
2005 5
5449 86
3957 484
5574 69
5934 173
882 144
5734 210
3757 242
364 282
1605 29
4216 267
1923 488
3652 142
5257 432
1197 363
1280 149
224 174
2658 255
193 191
3542 330
2662 231
3017 209
5437 1
1414 432
4122 217
4412 470
3162 4
5584 116
1249 38
3279 399
6026 404
2924 422
456 212
4935 297
1478 376
1820 432
1128 443
5935 309
2890 106
5237 260
3311 173
1296 476
1741 144
672 413
2268 486
3317 247
5021 136
1675 26
3141 255
5721 77
4498 371
3895 400
5948 86
4111 40
3285 105
5030 15
5033 243
5147 67
5452 115
5830 122
1638 202
438 51
360 63
5315 213
2440 465
5921 132
3839 99
3127 236
291 28
41 8
400 308
3944 314
5955 184
4337 244
1080 400
1496 343
5683 428
3562 84
4645 204
4024 454
5175 284
1986 267
388 188
162 80
5372 406
5390 168
1856 243
518 472
2425 431
223 58
4740 80
2273 79
3040 218
579 308
4609 311
364 350
2440 484
3197 430
1860 160
4406 2
3224 152
485 298
342 234
5737 244
5516 224
4652 210
4415 354
4414 18
3673 104
1120 209
726 478
3949 394
5161 342
4334 372
2527 60
3709 381
4820 421
5359 381
285 95
4851 317
5513 371
3703 346
3271 126
1800 447
938 482
2340 374
2607 431
1094 456
4739 352
4073 318
881 15
460 341
984 215
2204 468
3865 431
2653 23
2161 244
870 322
1812 209
3117 22
1177 126
4873 298
3125 335
330 142
4568 159
5115 274
4079 365
1429 425
819 11
3596 252
4136 450
1545 51
2447 41
2795 296
3816 97
1891 163
2235 439
4289 11
1798 431
376 105
3879 211
5340 263
1469 358
5477 96
1021 87
3243 281
1636 297
577 245
247 155
5113 400
2091 391
2250 121
3748 463
314 156
1655 121
280 80
5994 350
3241 84
269 258
5153 284
3317 443
172 87
5958 371
2630 298
4214 224
1958 363
285 250
4171 381
2543 345
5315 229
3130 330
2259 142
2280 412
3491 52
4169 407
206 105
5475 48
2560 99
585 264
4403 433
1546 366
1979 252
4469 198
78 8
1031 461
1185 309
437 260
449 286
2055 224
2052 482
275 31
4696 106
299 244
4868 348
2825 180
2434 263
354 140
826 71
2692 151
4144 314
2959 269
1941 312
1244 157
3459 488
3010 98
1699 179
1612 3
3370 95
384 118
1460 367
252 174
1515 122
5600 450
5522 136
2281 366
4317 11
827 409
5734 156
2514 294
1212 215
3147 99
2923 215
3791 100
317 248
4976 245
4159 408
1387 234
2490 231
4695 262
1579 22
4083 431
460 199
2919 224
2698 233
4247 176
850 6
4530 295
1462 92
5823 245
2716 231
5158 454
3145 53
4440 371
4474 482
364 255
2998 174
6065 20
5749 132
477 180
2338 407
1336 332
1986 223
5496 397
1176 439
506 60
2049 426
480 438
5569 231
3384 215
5659 209
1451 82
3431 161
5750 428
1991 110
262 261
261 155
2682 46
985 422
5862 254
4577 343
431 209
2208 488
479 386
4397 252
5661 239
2028 206
5183 20
1517 147
1089 411
2800 168
5742 255
4311 278
4324 261
4282 443
481 182
2457 485
479 399
1472 363
2934 168
2280 211
479 97
4587 215
2646 307
842 401
4798 293
2780 316
4290 282
364 251
247 17
1620 318
166 90
457 299
5868 422
4481 348
1662 293
5688 199
125 124
617 223
5226 136
1030 381
5429 371
6015 460
5642 176
2728 224
2045 139
932 167
5843 173
576 307
5087 380
5192 461
3006 38
5938 390
6067 310
579 104
197 46
872 406
4695 223
5847 8
2552 314
1428 200
2449 13
557 210
4575 368
883 90
757 287
3788 126
809 270
1064 446
1704 334
689 229
4337 299
3586 80
2185 307
4048 212
3192 307
4596 406
2377 439
436 155
1872 124
3035 124
1716 161
1776 164
399 251
929 20
5484 64
302 242
3283 448
1127 51
5189 6
2788 298
3239 334
663 255
985 161
2411 37
5919 485
1632 305
5911 164
460 370
1740 124
5421 102
3121 366
3940 85
5312 142
2420 19
2897 229
5681 125
3988 352
4458 314
5243 452
3737 417
4923 121
5967 69
4936 126
3143 358
4824 455
411 1
896 109
334 257
1527 297
334 126
4062 8
341 17
4675 217
5422 8
2244 337
1952 316
280 177
266 149
5927 184
363 332
3728 208
634 202
1899 482
4113 96
5821 245
3664 477
5988 173
2751 151
5132 145
2801 51
6002 364
4377 297
2985 343
4300 481
3875 127
4915 422
1210 431
438 330
5562 28
352 220
3014 373
2370 120
4368 448
394 261
4623 263
4318 274
4736 127
3029 27
5355 475
5806 309
394 80
1499 325
485 63
2180 96
1908 387
731 319
3311 52
682 1
1917 358
4472 443
3246 217
1137 414
2425 63
4024 140
2932 456
5828 61
1824 38
1157 229
4370 268
409 254
1666 366
4850 208
4908 120
2167 399
278 4
1850 327
255 170
4251 451
174 161
5128 205
1010 124
869 279
5019 91
1468 252
422 305
3530 399
4361 5
4787 366
3665 411
888 231
5905 62
921 287
1963 488
364 337
2147 15
4869 194
1314 462
5674 267
470 140
4341 157
5417 61
198 46
350 282
3881 445
2389 41
4208 314
4474 485
2125 267
3297 70
5802 394
227 70
3218 267
261 223
2877 6
5809 421
4277 267
6060 476
5353 476
2295 144
1439 155
5708 302
3126 262
4466 121
2710 82
5695 262
4445 472
6044 298
2112 231
4706 404
199 121
3987 164
619 405
3727 355
5465 97
3311 285
775 288
5610 86
4972 85
1218 431
669 400
2324 138
5123 472
1684 215
722 395
5320 255
2447 296
2754 385
4673 369
1773 394
802 297
5181 411
6087 365
3031 457
5448 52
2874 399
3745 123
3661 96
339 180
462 356
2825 177
5839 400
1743 298
4240 200
4370 252
5278 329
4972 397
2294 317
1167 357
4261 104
3884 348
5868 208
397 52
1133 164
1715 485
5063 186
6095 220
2231 254
432 236
5248 411
3725 413
4454 455
452 427
4299 414
4634 311
1573 94
2481 70
2129 74
4991 80
3815 220
816 91
5991 212
5370 208
5917 162
4840 485
3464 476
4578 11
4902 483
798 298
763 441
412 177
4340 320
4853 218
302 142
4940 215
1554 71
5100 295
4008 140
2458 6
2905 381
5796 411
1897 430
3721 70
5146 379
3204 374
349 121
1966 366
391 182
2984 307
1928 414
1791 148
2489 263
448 233
1321 267
206 170
1560 451
5526 437
404 284
2912 34
6007 379
3816 399
2825 263
4928 483
5930 265
422 331
1661 267
4834 483
479 5
1986 123
1591 299
1232 109
2787 391
5210 484
1564 319
5867 422
2865 431
5821 443
2913 151
5715 35
447 372
2601 437
177 119
443 383
705 11
364 54
5324 126
1068 155
4911 202
767 191
4650 310
1554 483
5969 29
4625 132
5298 236
2821 168
206 38
2476 381
1364 257
757 464
3899 427
5660 446
443 350
895 17
3814 483
2563 406
1040 34
5882 156
1068 5
4388 70
2521 51
5628 171
5118 164
4329 121
2992 454
2893 90
246 17
3422 265
1942 231
2253 226
2609 20
4737 149
1396 485
182 173
1959 311
2332 239
613 5
4227 468
471 422
5279 341
473 90
343 220
4370 314
5120 213
456 443
6080 104
4655 48
4907 283
2130 121
5194 391
276 4
168 58
4512 288
307 245
2760 363
6091 145
5157 229
317 140
5053 411
4187 443
3900 48
1696 267
267 191
3154 454
485 441
882 84
5049 3
5833 479
5962 265
5253 425
5322 140
2112 39
2949 456
762 37
382 292
4133 238
2972 437
4192 431
1885 249
5270 443
392 6
1747 488
5233 132
1243 431
2466 96
4094 376
3476 46
1469 454
5586 229
3653 208
5831 351
1701 27
593 168
457 178
4352 356
3371 151
1071 343
691 392
2196 307
2657 94
2082 231
3751 23
1379 483
135 113
4455 69
2126 60
3720 371
5122 341
5007 23
4487 182
5682 267
4193 307
1110 134
325 269
3033 358
428 420
2721 234
3554 443
5100 71
2511 341
3882 486
1266 70
2635 366
6053 376
474 444
5236 170
170 105
2128 366
2798 262
5683 366
2424 288
3580 269
2413 87
94 43
4104 208
3005 330
4550 44
3559 298
473 287
374 313
4668 51
4304 46
371 18
3047 194
5954 239
4836 460
137 58
5166 38
5671 281
460 456
2611 160
5052 317
3758 199
3348 337
384 127
268 37
501 51
371 107
4463 392
4146 456
3822 263
5292 95
3520 71
5064 209
828 322
3699 374
4168 470
4664 373
1100 79
2392 366
4052 443
480 29
1928 212
3041 279
5726 320
1405 316
5218 398
3721 210
4316 440
604 179
4490 451
2460 381
3178 490
5398 106
4870 339
4999 51
5556 95
394 72
5717 432
4375 473
4179 402
529 231
2904 443
3996 328
2469 144
269 174
5693 227
2749 96
5423 253
405 97
889 451
1306 73
202 36
4499 122
1696 155
4322 488
683 171
296 155
612 20
1720 58
4390 242
5779 8
5126 124
485 82
1925 317
1248 4
3641 125
2846 142
5826 184
5606 109
6022 388
2040 492
3182 422
5747 265
407 354
5578 397
5783 10
460 177
3647 391
5435 76
1108 459
209 9
2481 366
3973 353
3617 346
5169 263
259 211
4949 175
4719 231
733 470
3086 156
6019 404
3594 202
460 443
2426 288
4750 312
211 4
5960 245
5635 105
2477 406
3671 290
3635 124
5967 41
306 121
5053 80
309 1
5159 456
5896 307
808 199
6062 476
721 84
595 60
3539 330
1180 349
5563 98
1848 335
4284 443
3973 413
719 95
6024 309
4770 297
4356 358
5155 44
5664 451
4695 325
4921 90
1995 320
2583 463
5613 151
402 317
1009 267
3662 222
4412 84
5402 267
4290 422
5053 191
457 356
3844 233
4510 374
4524 74
3712 348
5915 462
2936 198
3127 176
4343 202
5920 462
3448 206
4862 351
4360 317
4662 331
2173 97
298 126
402 11
1291 341
3674 200
520 140
2211 369
5655 2
5579 413
3656 71
1240 305
4772 26
2003 362
1657 200
5058 73
5185 335
507 60
5582 73
2450 84
1986 477
5701 82
1187 234
5841 277
5872 195
5888 162
5677 337
3008 220
1142 295
4582 447
1972 489
1274 445
6012 168
2224 159
2875 207
3636 210
2565 251
329 17
2381 406
1132 96
1329 339
1785 441
6056 456
4265 249
5174 379
3784 414
660 370
269 126
1316 215
5524 454
5562 263
4151 1
314 49
692 255
428 337
1949 431
4380 231
4041 264
404 373
493 292
2450 407
5148 171
3758 191
3833 397
633 284
5176 186
155 126
4309 302
3271 334
2231 409
5198 231
4395 132
1818 1
1189 251
698 304
2188 431
4010 412
968 293
4029 399
2344 385
1884 11
2254 305
3121 49
4889 80
831 394
5505 374
1890 64
5367 136
1094 255
3840 106
422 412
5026 371
4112 407
947 95
485 99
1443 413
314 58
1573 343
184 58
1940 249
933 202
3836 207
4019 179
5603 297
5503 252
2045 443
422 384
5072 48
893 340
1486 448
5357 318
454 291
3457 1
3761 371
5869 317
406 11
4474 363
5134 318
460 269
175 126
710 150
5206 76
2796 198
2393 211
2534 199
5068 475
4666 34
3342 167
970 264
4718 78
5251 78
4902 451
3874 363
5735 95
340 45
441 399
3803 449
5922 360
3168 38
4255 267
2362 400
1427 177
130 35
4592 474
4473 156
4489 244
2587 94
1406 177
3983 306
5407 485
5753 322
5846 179
1384 106
2405 402
623 381
4481 164
3822 149
2524 429
5573 297
3605 381
3125 46
5810 342
2020 183
422 58
2078 244
4016 381
5654 373
1928 451
5300 426
184 80
5259 103
4946 267
3849 54
1801 64
483 450
4696 21
3891 478
1070 84
929 486
3552 257
5466 287
4997 445
5331 44
4936 80
648 439
776 231
4618 106
4788 312
4929 322
2767 314
3968 298
2089 231
1184 234
3490 11
614 287
4412 159
2537 320
5620 346
5409 268
4311 106
953 330
5575 320
5645 37
2968 234
343 63
4976 78
1310 239
369 66
4822 317
601 41
2326 6
1367 386
4724 173
922 287
2750 149
2704 6
4984 353
818 327
3006 461
358 205
1689 456
4101 106
3098 144
3184 144
4256 2
432 1
4343 298
5560 281
5244 349
1656 202
2534 325
460 374
4585 37
232 192
4332 371
2499 207
4584 359
1269 204
3530 350
3654 488
1456 470
437 229
3257 51
4933 379
3596 357
875 80
4913 399
4909 82
4839 325
5646 2
3636 394
961 80
3216 277
1506 176
1524 121
3813 319
4579 444
2974 66
5019 460
3691 437
348 60
5635 268
231 93
298 234
3454 210
207 67
5961 245
1055 293
535 91
4746 4
463 163
3598 457
1882 437
5099 31
3431 386
2371 111
210 198
3457 244
5433 358
982 367
447 374
727 290
3032 462
1681 139
516 114
2001 363
3026 80
4991 314
4205 447
1718 80
2097 11
144 116
324 297
2775 265
6002 113
4982 223
5972 155
144 79
4105 337
1875 284
5148 352
408 312
5581 79
3745 155
5121 475
2375 463
6033 373
1408 156
4805 404
480 50
394 289
5090 306
1170 304
2410 253
132 30
5875 99
4280 53
6042 454
5887 145
4516 244
2737 244
787 409
384 1
4970 220
113 58
409 307
3607 290
1774 338
4756 181
5056 58
1786 84
384 302
1894 152
981 263
2124 353
6094 320
547 117
1925 407
853 63
3228 467
6040 86
5984 23
5511 90
407 11
340 201
132 32
4382 380
4879 437
3627 36
5676 275
3967 155
5549 291
2942 16
2501 99
5745 28
3628 431
438 319
1739 191
3309 94
5663 487
4895 239
291 133
1394 337
2922 341
3947 245
2016 284
5542 171
4398 456
5527 483
359 317
1451 121
5472 42
38 34
4714 470
1592 102
2362 443
309 299
3408 102
3035 157
363 360
299 121
368 179
162 58
307 254
5348 70
3452 109
5734 451
314 278
349 205
1291 17
5942 184
5543 377
1211 80
5544 122
4531 95
1472 295
5936 162
5067 179
5068 343
3151 175
2223 297
674 270
5437 108
5800 369
784 455
4502 51
241 171
4558 93
1281 223
177 4
3818 462
1503 366
2209 397
4164 263
4902 343
399 177
1391 285
1770 210
5881 478
5870 199
3839 431
5326 291
332 153
4032 97
2541 38
251 177
3747 394
2653 346
4327 115
4282 6
450 422
6008 124
1757 297
4210 208
4399 470
1735 457
181 167
503 472
1661 5
5440 298
4304 436
594 425
4207 400
3586 208
275 265
4187 456
5558 280
5592 373
5821 10
3037 161
161 71
5037 371
1231 366
269 71
366 212
5599 404
431 15
1871 445
2290 407
2036 447
69 41
4805 456
3975 449
3788 386
5976 380
394 363
749 483
838 360
723 206
343 319
5803 162
412 175
5770 144
3140 156
5870 436
3540 356
3925 322
2011 267
2066 482
2444 158
397 343
4608 90
302 173
3930 303
2085 18
3388 179
4325 48
97 70
3831 298
105 34
2868 365
343 163
4110 404
4990 87
5389 133
5685 79
4569 50
1436 297
4478 44
4755 209
3163 314
5923 388
1708 6
4604 208
457 438
3914 407
5897 379
1590 164
1536 318
4887 93
5315 177
2936 229
3120 147
4777 160
3013 444
5239 371
2908 164
5364 276
350 255
2623 79
857 381
4254 365
5385 102
5048 153
5796 349
5436 404
700 400
1580 244
2393 80
2509 470
4570 319
4972 54
5486 223
1593 16
155 121
4986 202
2296 334
584 70
2000 401
4263 267
3790 236
2054 140
2920 6
282 215
1415 80
4597 410
5904 404
4614 2
3820 148
2999 313
404 282
2836 223
3876 243
1740 411
3055 233
4624 284
3107 345
1154 229
1959 449
5959 184
588 233
3541 400
363 298
733 437
1014 463
849 26
5046 400
4455 199
2325 366
2326 284
2991 386
3779 153
5829 483
546 215
1891 52
4961 26
4977 102
5961 486
2333 485
2280 456
486 461
6075 462
5536 145
2535 11
1818 191
2991 269
1077 168
404 302
4041 397
2233 363
2747 430
4669 149
2144 263
439 330
5922 298
1800 307
3231 397
1394 366
5730 394
4288 139
246 155
1217 287
1971 263
3743 267
2636 179
4612 395
324 298
3312 52
1015 346
3663 406
2189 431
2981 209
5212 402
391 302
191 71
702 322
5457 103
1848 126
4253 443
1783 80
3692 255
5836 299
5756 158
3529 314
4310 161
3699 476
5978 428
452 381
4091 18
3588 199
2632 274
2551 130
1817 381
5656 86
832 102
5503 175
5006 295
3848 255
3697 278
1702 402
3264 124
3717 461
4690 167
1458 407
2441 80
5810 42
3099 4
5310 145
1434 355
4465 353
5309 445
5053 82
5107 35
5567 488
2217 368
4880 138
3882 456
4022 38
2374 363
3877 164
1936 60
3680 340
3329 305
1103 191
4603 373
394 277
423 164
2218 330
1491 314
765 82
4786 153
4361 459
2270 257
404 149
5968 78
1177 386
2022 267
994 258
4267 2
1736 397
3641 188
5579 86
6046 34
3771 31
382 313
3164 462
5412 174
5795 96
5414 231
1447 283
1218 209
5163 279
6068 105
5497 42
3551 215
2814 350
5350 229
5386 86
5910 488
1771 442
1567 437
5062 332
3998 349
1810 203
5577 69
1874 274
5038 432
3191 396
4386 87
4284 78
246 97
4213 280
396 23
2825 373
731 343
5382 62
1251 212
514 431
2435 130
4944 168
533 26
5821 6
2248 100
2492 441
1178 382
1852 164
3043 414
1769 181
2546 80
2582 125
3513 210
2432 351
2478 74
3453 483
884 202
3089 390
4704 38
4185 469
4674 470
1754 279
868 210
4319 250
5080 436
424 355
2080 121
651 13
2806 429
2789 80
394 332
2723 138
4059 19
563 343
5084 479
246 245
5228 384
3811 373
2088 217
3870 164
2301 224
4048 414
177 149
2874 330
3132 144
451 108
674 274
530 346
205 164
4031 431
2955 4
116 84
5120 229
4950 69
3970 298
4697 341
1254 448
5839 164
1075 293
1363 452
3135 60
5994 198
3059 288
1990 338
556 483
4248 176
5536 399
346 293
4793 161
4769 404
4478 80
3327 204
3886 320
729 104
1688 87
1301 257
5579 481
2362 4
58 15
1430 63
6069 164
584 348
2117 155
2749 11
2323 467
3443 155
614 445
806 477
246 180
4115 473
5984 340
284 149
3264 28
220 163
210 70
5777 18
1487 358
2369 46
5787 207
5074 77
1411 123
1047 231
342 42
1346 209
3262 472
2964 335
4462 159
1197 399
5129 409
620 260
5591 290
5021 117
5377 2
653 410
5814 208
833 252
4748 255
1206 84
177 133
136 117
4732 224
5794 257
413 353
5380 335
4955 90
554 451
1895 91
1733 104
3340 325
537 185
2417 267
1323 335
5827 179
216 79
3967 325
4224 242
1884 406
5849 63
1452 51
2872 236
1983 263
977 454
607 8
4467 353
5994 161
2372 431
1017 414
3084 343
479 261
2591 245
1084 51
5143 371
3429 343
4918 348
2166 79
4321 140
3608 125
4571 160
5597 208
4780 78
5624 178
5360 280
78 74
5496 52
2841 443
2353 126
450 313
1435 186
5396 349
363 63
424 125
2071 80
3457 370
5075 467
5894 149
5695 223
5346 292
1463 229
1946 274
6088 275
4517 107
2977 106
4286 334
324 52
3031 140
1844 188
2704 104
1161 489
193 155
2135 400
4186 274
1268 265
5084 481
1666 481
3420 338
4024 467
5783 464
4846 78
4738 310
5025 298
3175 84
1593 15
6068 197
3311 397
2934 201
460 414
4557 485
5676 325
279 242
5929 217
4969 211
5205 137
5381 220
4505 409
457 420
412 55
1819 346
499 105
416 117
2201 179
231 42
5117 177
3072 163
2938 387
1146 8
1218 244
396 390
4282 422
4311 314
3291 29
5963 329
5002 402
393 275
816 420
5399 356
2063 156
3796 212
460 134
1654 402
5560 452
3606 254
439 177
2683 290
408 176
2935 210
4343 156
4315 417
5258 413
2515 149
3698 220
4071 39
1982 23
347 205
21 6
1132 346
772 426
2562 419
2907 467
875 351
357 166
2304 106
306 299
4713 402
887 87
688 235
4284 245
4153 455
302 175
4515 448
5912 380
335 207
2600 20
332 239
414 384
4028 439
3554 177
4227 164
3498 38
5676 199
5869 246
2935 173
1562 319
4550 134
4023 317
943 293
6074 403
831 306
5463 212
4779 42
5683 310
2795 441
2887 331
4304 175
5245 168
551 253
2726 299
2726 442
5503 6
4633 58
4885 147
5919 144
5853 198
992 342
4701 84
2298 239
4470 317
1319 104
5131 479
2727 326
3954 149
5236 105
4695 436
1534 262
3317 245
4359 284
187 121
3386 274
757 341
4084 17
1868 200
6093 10
4213 24
4490 202
5238 19
5682 223
459 55
5303 21
1468 357
4719 250
1981 267
3521 476
2932 177
4311 422
5760 404
250 146
984 447
2830 111
662 6
4374 210
4370 443
3543 439
1702 406
2675 20
1099 4
329 20
1758 20
1831 242
1690 109
3772 381
1592 20
468 27
264 173
1186 363
709 22
1892 61
5028 387
5493 334
4200 210
703 407
2647 402
3059 227
3730 368
1481 485
4423 223
1959 104
670 281
4155 397
507 71
4068 156
1622 140
1165 334
3073 142
5789 329
2525 96
562 356
6028 358
1127 29
4693 342
5519 139
172 89
5707 77
182 114
5584 260
4783 149
1888 489
3500 210
1965 400
1594 74
3249 200
3115 381
2863 177
1535 97
5754 346
5305 53
5208 404
5424 243
982 144
1377 191
4637 483
3648 4
139 104
5015 147
4365 369
325 223
165 5
3599 279
5314 356
411 124
3703 293
3398 79
4626 307
1362 474
967 342
420 105
5844 79
3677 91
365 95
2492 485
5890 208
4654 379
4384 142
5834 466
1094 483
1174 393
735 28
5695 269
542 402
5537 404
5512 404
790 475
2665 179
2659 355
728 314
329 255
2362 6
5081 42
1736 320
718 317
449 24
4897 124
2221 341
2535 468
3753 23
3886 178
4657 284
3544 99
6068 255
5946 77
2561 106
1038 22
4777 431
4872 285
1808 281
1386 104
3422 74
1507 353
3713 454
783 64
2710 121
3744 129
3364 139
5295 479
166 102
1612 343
4127 217
3138 209
6010 346
4310 370
276 6
4774 429
2886 464
6029 244
2437 435
460 386
5554 126
5116 451
2191 299
4278 315
386 334
3255 381
1738 448
537 432
1879 360
2181 389
5892 231
6020 159
1259 171
2758 158
193 186
16 15
2995 63
4939 317
2115 117
772 168
4503 358
365 68
4851 402
853 298
2023 51
3915 346
1993 160
4891 102
5947 403
208 80
460 223
2356 239
3140 391
4370 330
2074 239
2058 18
3969 442
1270 488
5008 78
2603 357
4797 404
3295 338
6017 379
5841 41
1125 422
364 268
5000 209
265 8
2104 348
152 23
5071 15
2114 107
4408 298
3260 106
2274 29
2793 52
1531 325
2317 41
909 96
6037 253
5144 168
1714 263
3529 400
5629 439
4994 93
1019 422
3122 488
3567 234
3447 489
4658 132
5627 488
3313 400
6038 82
5405 282
544 20
2314 486
721 11
2326 38
4451 138
2001 298
5614 432
2212 456
4068 314
2666 420
2597 27
5109 447
4165 124
4379 484
4143 257
300 255
137 106
2875 275
5175 202
4926 17
3878 407
1191 407
5901 417
3443 223
2127 67
199 155
4631 429
2120 319
3987 343
5611 460
208 4
711 410
2696 488
4695 199
3758 477
243 176
3185 445
5879 206
2959 261
578 314
5060 136
4804 457
2744 199
246 215
4906 472
3726 186
4223 441
3103 89
2514 418
3707 366
4370 6
661 168
825 306
442 98
1412 308
4189 257
736 481
5249 267
5072 77
5751 428
4763 63
835 47
4416 371
5705 400
2705 267
3792 360
2852 293
5338 371
1113 406
1822 456
3123 194
4274 455
4538 284
440 231
5813 142
4419 429
2741 481
364 249
350 330
5683 348
2665 352
2780 318
3214 207
6002 268
268 105
5426 460
4590 402
2664 451
3121 80
5673 440
4031 375
1469 357
6081 4
1148 374
3789 82
5376 93
4504 242
3770 407
3802 322
1562 449
5682 193
364 161
4513 365
1689 282
2785 325
327 60
4636 95
2143 317
3582 293
5324 174
6028 151
431 411
1122 390
5172 297
5354 160
4476 356
2596 149
193 74
4235 404
3253 71
950 384
4586 372
2281 414
4735 281
4219 257
527 17
3155 179
467 437
2677 42
4322 307
3204 346
5336 356
4899 245
2365 34
422 385
197 80
3783 322
1048 34
2119 239
4576 318
3037 126
3847 462
3137 99
3639 211
2997 448
436 8
5384 70
4726 290
981 293
5695 479
4431 167
5409 314
4318 483
3491 308
4142 257
2242 164
394 232
4040 434
2926 4
2469 179
1123 50
448 114
5093 274
392 247
6052 237
2522 60
1215 126
1633 50
3758 267
244 42
3729 63
5114 167
4647 267
4156 96
4981 134
422 369
2790 200
2252 215
4067 69
177 92
1613 431
6077 356
645 292
6085 212
413 106
2159 85
3886 468
3467 71
5556 250
1990 35
280 97
1949 127
4102 24
3839 481
1127 212
4636 442
1042 164
5605 334
356 316
5308 396
1001 140
1861 401
3259 39
4554 366
4665 463
3941 26
4119 198
1956 51
4310 430
1094 314
2155 489
903 120
2690 318
2560 337
3468 227
949 281
5621 46
3370 458
4848 390
5042 297
2681 411
2468 293
5468 295
3179 413
2361 233
476 277
4372 280
4781 121
3758 155
262 161
5131 258
4053 340
894 391
1831 46
2209 447
4474 332
4922 34
5635 174
3913 98
5992 164
5553 371
2076 174
800 291
5056 168
6032 287
3102 211
4841 279
6086 189
1872 121
371 160
3999 69
5868 280
1992 164
373 263
4204 54
4856 122
385 299
277 275
3837 263
5924 357
5673 226
2544 111
1327 283
3572 384
5883 317
3596 178
5311 442
4400 404
2691 330
6031 279
364 177
760 446
1276 215
4942 77
5364 335
4177 308
3589 429
6056 10
3483 231
750 451
1697 402
4321 317
5479 394
4926 341
557 451
174 71
3641 462
2182 362
1294 160
5943 476
5714 224
2966 413
5828 155
4716 2
5561 460
5640 279
3335 85
2308 282
2978 406
306 55
2337 236
3839 160
4715 208
1088 124
4304 210
4859 445
4282 178
2884 455
877 206
3863 485
720 470
1844 462
2666 274
1377 267
4152 301
2265 252
1848 386
3181 294
5125 332
5208 21
2641 398
4717 43
5584 437
983 399
686 110
432 431
2693 229
944 449
5023 210
1000 229
1489 306
3003 470
5171 485
865 309
418 294
4304 155
2491 489
5568 206
3989 244
1561 125
2429 161
1467 473
4936 210
3320 167
2530 431
1277 265
2263 8
2048 412
2062 63
5262 179
3235 343
5580 354
1039 413
3909 327
5290 260
266 177
4670 223
3675 287
3042 27
406 390
4944 365
3081 317
5683 86
1289 22
5509 364
5877 422
575 124
1780 486
692 134
5618 353
4438 83
2766 257
1461 269
5381 104
4608 357
5300 229
2961 118
382 104
4113 365
5769 54
2267 97
5263 293
3238 408
5328 282
3341 263
5203 340
716 253
2928 445
4317 84
4800 295
1312 322
6050 277
354 317
1403 340
1207 158
4178 97
3495 209
3102 91
994 307
1138 204
831 180
5765 404
386 174
3396 298
2603 90
3433 79
5313 356
1388 331
1960 51
946 488
360 298
4701 116
223 71
1811 408
930 472
963 362
306 177
3205 138
2829 209
728 80
3689 483
5885 388
2370 107
1915 462
4782 376
3312 397
443 412
978 421
4520 98
4298 171
4941 298
1155 381
2163 255
4910 234
5642 452
2465 365
1843 287
4951 210
2577 262
3025 5
1677 236
5940 476
384 37
1976 348
1591 279
3925 160
3330 400
5977 337
293 263
329 247
1474 400
1375 223
3610 168
3461 283
2503 139
4976 422
5515 299
251 149
2255 414
2532 97
1814 221
4874 17
3265 414
443 24
1468 102
5928 476
1689 161
1779 360
2711 217
3858 35
4449 472
4078 334
5413 50
5492 208
5236 206
3383 79
5095 62
129 79
4552 157
3373 298
5059 279
1628 122
337 113
3153 475
1900 168
4221 70
5899 126
2887 282
2314 443
3527 407
4087 85
5410 28
3641 40
5219 255
730 356
1986 436
1440 305
436 325
2595 456
5287 297
5073 432
1857 439
3340 223
3340 174
519 343
2093 359
561 209
414 212
798 210
5184 449
5073 68
3976 73
5223 394
4954 77
3907 274
1700 250
1968 441
3059 384
5483 479
1234 231
4807 260
485 360
2629 73
4467 413
699 290
5450 265
404 251
3535 186
2766 406
1377 223
1884 402
223 16
2909 390
452 53
1546 337
572 54
5141 460
3591 31
451 298
6056 1
5362 78
4042 290
1000 213
244 25
3326 80
325 199
1563 51
342 56
2652 87
4779 440
1542 341
351 237
4359 149
941 374
3910 309
3141 179
936 174
4352 462
4282 24
3575 424
4031 208
3484 340
5201 27
3690 319
2428 267
907 268
3224 194
4874 341
2160 281
2206 439
4873 5
5662 318
831 198
434 121
1689 5
164 61
3897 452
5358 158
901 322
3004 311
2436 48
422 341
5273 335
5785 235
5871 69
4383 242
3340 393
2002 448
1258 244
3401 350
6011 10
1916 338
4627 404
4852 487
4518 489
3010 351
5437 183
2812 433
1050 40
1949 129
3852 266
3002 84
904 73
2149 384
5895 308
184 55
5186 149
3767 268
534 406
5870 155
5575 65
1667 87
1383 397
2941 186
4347 328
4728 442
343 107
5896 488
3132 488
4943 486
5397 349
4391 239
426 321
2332 156
3526 283
1617 298
5657 452
5832 87
4317 256
3310 284
5576 132
1094 249
5306 251
5663 338
563 164
355 125
251 119
4519 482
4178 87
2958 133
457 435
4803 451
3795 4
4559 447
2932 391
1599 346
4683 441
5780 406
1646 250
834 252
2826 55
3553 443
2258 296
3746 28
5997 74
386 161
5790 276
5562 429
351 291
1906 358
2048 278
5801 124
3139 394
2778 198
5369 307
320 50
5288 293
1198 290
2414 219
3051 421
1191 317
1175 121
535 441
3855 34
1953 439
3570 309
5729 415
2855 440
328 233
5164 404
840 257
2006 366
4709 223
4551 382
3982 483
228 124
393 386
2869 443
3946 359
4160 486
2190 306
4550 483
5180 5
449 220
1246 254
1511 372
76 27
5909 200
485 422
3625 168
3144 284
3001 245
1118 285
4934 156
2756 165
5051 136
1715 106
5690 238
397 39
2216 42
3987 381
5992 400
365 240
2218 350
483 422
5269 356
4011 229
2859 488
3097 254
412 252
5669 86
4252 235
3488 87
438 29
2765 153
5324 269
3150 249
541 31
4273 343
638 414
1734 71
412 105
296 277
184 31
810 51
5990 427
1425 157
4893 54
4049 239
3696 483
5828 98
635 413
5945 215
5999 158
1738 168
1480 443
684 287
2660 20
3454 459
4417 392
4412 140
4340 381
4345 17
3499 334
5001 308
2686 38
1818 38
4978 284
3633 488
2811 18
4705 345
5062 173
4463 6
3147 212
262 199
3487 461
422 6
4834 182
2894 474
4831 386
4352 150
5560 285
4723 140
5196 102
5559 98
5503 439
1154 100
5209 44
4601 21
2988 394
5971 280
315 182
382 120
2417 74
4342 254
3137 182
3343 274
4703 442
3887 293
470 467
5003 305
4561 2
4572 279
4994 231
876 202
1446 394
4098 297
4448 22
2904 255
5030 171
1505 24
856 74
1388 252
1986 199
5193 461
5518 231
2324 431
5458 2
176 53
4081 322
6061 379
2374 332
4486 315
4260 212
3332 111
782 357
4802 38
3596 358
324 87
3555 421
2673 106
902 157
370 191
5361 439
4178 322
1603 472
599 451
3070 16
5318 150
1339 233
5470 218
3157 275
1442 340
5588 243
1181 431
3375 5
4307 296
552 257
1495 457
1352 237
3616 158
1891 39
415 79
4296 486
3159 208
3349 250
1583 79
2853 177
1929 263
6048 215
5256 254
5545 261
2540 432
2594 424
2411 126
3593 115
526 255
4315 468
3355 431
1086 432
2704 449
5404 74
2198 124
5686 396
3340 8
5167 360
4151 118
1341 247
687 173
3455 226
5511 357
5504 387
2572 453
365 114
4737 384
4963 151
4402 236
2972 470
693 406
1115 1
2739 258
4507 404
324 205
3935 472
4234 307
443 382
6089 453
3638 42
733 229
1555 151
2430 401
3746 149
4916 208
3767 37
1873 456
3962 283
1425 245
2326 26
1369 311
2300 245
4684 102
2745 113
1939 257
1540 437
325 262
5459 473
2916 288
1196 114
4383 456
5892 79
3126 277
3716 231
1928 80
4698 431
1309 67
5529 433
2696 307
3786 254
1889 209
3171 208
329 177
3225 481
51 42
3477 168
4678 84
5694 476
420 182
5725 441
314 80
457 103
4909 439
6026 28
1846 455
1492 302
1833 279
437 140
2335 173
4467 481
252 6
6034 356
5803 341
348 29
3104 34
5160 218
1264 357
1093 74
2936 483
875 70
3726 267
584 54
1975 160
708 118
1645 376
1361 448
1674 104
6068 212
5329 263
364 174
4141 38
1898 399
1570 486
174 126
3966 22
1821 6
5152 293
4235 168
3246 340
3430 366
485 210
5594 276
3853 207
1285 109
6092 2
3579 20
5035 365
5892 114
5804 346
425 410
3195 292
427 176
1182 87
2559 268
2638 257
745 122
3838 470
364 58
3752 340
2168 18
5772 251
1445 131
5272 237
4640 103
258 153
4663 379
6096 367
449 319
2438 366
4150 288
636 356
5228 142
121 82
2520 451
1821 245
3759 94
544 80
539 116
427 408
5082 1
1856 218
2362 439
2850 431
815 40
5301 460
431 397
5934 397
4567 160
1531 436
2415 186
5532 293
1924 126
5219 379
5906 284
4334 447
5995 54
3524 124
2815 124
777 109
434 82
3472 157
5676 155
667 106
3441 381
5781 461
58 16
334 156
2547 99
3940 103
4435 450
5631 308
2469 84
591 82
5069 208
2105 401
3123 314
443 302
729 312
4920 9
4123 209
4694 232
1162 463
5072 407
96 80
5065 445
2103 348
1328 373
469 148
452 374
4134 229
887 173
4338 359
2599 11
2259 70
1724 17
4813 87
121 46
1680 384
3430 337
5402 62
1925 402
5823 307
3917 341
457 444
1163 120
1897 223
5950 307
1618 488
6085 173
3065 317
4987 155
1197 274
435 142
1524 411
460 327
363 239
5451 307
5019 412
1635 307
4372 366
3657 451
5932 215
3544 348
366 337
1216 407
184 126
1085 298
2427 227
4868 485
2898 360
3802 422
3424 209
3060 70
305 52
4945 274
451 80
2548 167
5104 200
2425 97
5401 65
5133 136
6002 10
1282 297
2632 215
4035 335
206 66
3925 114
3545 444
1271 455
385 384
3038 332
441 296
3533 16
1469 102
2079 370
376 314
2234 459
3908 442
4564 96
1423 398
327 223
4294 488
3449 451
2156 400
3702 85
2912 206
2274 99
2332 220
253 229
4331 384
2360 31
4618 80
3098 98
3126 261
4491 472
2818 346
3003 437
461 328
4478 456
3811 429
4237 80
5541 150
3746 124
1979 417
117 115
3417 217
579 400
4503 252
4865 209
2626 87
725 481
2470 199
4791 17
479 422
4534 261
4272 417
5229 455
1091 442
1766 97
403 140
432 360
4550 149
781 260
2276 407
4461 190
5863 193
1746 233
3987 104
5411 386
4982 386
5568 263
1624 297
4787 310
4812 327
2070 157
2960 118
3742 87
2423 274
4485 159
4745 413
1822 242
3553 252
1792 325
3214 335
5511 252
5683 472
4982 269
3234 104
2809 348
246 5
5073 281
987 297
4959 217
1315 488
4373 280
3978 233
5520 11
4052 21
3732 34
1663 26
3036 267
3652 437
3630 208
2826 198
2560 366
875 412
5865 270
1876 432
6093 483
136 130
2072 398
1610 263
251 4
313 85
4287 316
5235 381
3738 360
1116 452
2683 289
2286 183
1287 95
4876 156
5926 355
2422 366
161 58
5016 87
3857 311
4936 386
5335 22
5189 443
5966 428
2350 200
662 392
3519 332
4792 234
1192 60
5925 410
4426 73
1012 238
5718 298
3609 488
2911 307
1208 484
365 13
1094 242
5116 366
2478 267
895 245
2379 285
174 58
1772 129
2828 474
786 263
177 142
3286 176
5622 2
5639 352
4096 74
908 474
3906 295
5053 199
441 434
414 298
4102 164
1849 293
4363 99
3290 208
523 432
386 126
4720 84
5062 429
2495 104
364 314
655 486
752 106
3972 6
3542 399
387 196
962 377
5573 62
3245 286
2517 482
162 74
255 105
2949 242
3934 252
4358 40
824 461
2199 263
1068 71
5978 86
1862 317
837 381
2269 94
3533 15
5488 76
1689 412
1416 51
2174 490
6055 77
5838 1
812 343
1765 377
3565 327
1551 80
2704 382
1286 51
1154 236
581 378
1532 200
1351 239
2963 11
3340 199
5503 364
5020 8
5214 201
1689 47
1526 400
3724 39
1228 105
4596 188
5001 311
453 57
312 311
397 173
4490 153
3656 386
3462 70
162 54
5743 122
4742 234
5113 343
706 325
5422 275
2996 392
5736 448
460 174
913 445
5151 51
847 284
2307 168
3777 212
5009 44
885 342
2152 140
3299 70
3363 42
2773 215
374 24
4412 457
3774 461
286 164
5153 404
4135 17
5604 371
332 67
4853 418
5102 20
4548 84
2983 103
6066 337
5013 346
3694 337
5461 329
5820 153
3070 15
2661 397
2573 325
1647 28
5974 281
5784 448
5755 18
582 457
5534 488
2243 473
1630 381
3977 292
5339 314
4359 359
4540 430
1104 258
443 6
2990 88
1277 476
3009 106
916 452
6050 476
1825 89
4145 112
441 299
5419 97
1238 363
4152 263
3304 96
5473 153
1445 127
258 174
3000 348
2616 397
5012 293
4337 309
1549 106
4412 42
5486 460
5317 149
5841 476
4086 147
1767 305
2386 490
2400 308
173 117
3314 211
4055 293
4738 111
2679 156
881 58
412 126
3204 442
404 288
4868 181
4175 358
2750 284
4888 482
5277 483
779 281
3556 50
5455 111
1403 64
2138 202
5789 17
4894 239
4863 208
3727 125
233 114
4701 260
689 213
3991 207
468 362
4212 357
5387 488
1081 308
1696 191
1424 117
4125 252
545 207
1176 314
4197 244
6045 394
3838 467
267 186
4443 253
4834 280
3229 196
5673 76
6084 346
2845 245
1223 389
5749 36
3311 475
1569 297
4722 85
6035 376
4635 341
2198 121
3180 311
404 28
338 11
1750 102
473 179
4695 69
2395 67
1200 485
287 127
1197 308
3328 260
5767 455
420 386
4932 254
4109 79
329 252
1780 17
609 93
3501 121
5630 273
1518 254
5621 208
2111 179
1865 127
3487 490
1193 144
5985 446
5991 70
5914 184
2832 279
2399 356
1101 433
349 27
858 231
1622 454
1607 37
685 17
4361 390
4148 44
1785 175
1669 96
3269 186
442 285
4784 140
4201 124
856 275
3965 168
2239 209
3475 482
2617 49
5436 177
6030 198
2708 334
831 430
639 234
4682 157
2464 470
5070 394
566 370
2970 297
364 346
5616 413
3481 29
2560 483
4809 125
3701 238
5526 467
4181 22
343 243
460 212
1737 397
3993 171
1653 222
5678 2
5191 257
3293 60
3561 183
3093 488
145 111
497 297
4950 296
6093 379
466 98
5621 80
4319 285
4995 16
280 91
4621 11
3846 229
384 183
2463 249
4704 173
1944 229
2835 220
4849 132
2814 183
1955 318
89 87
3865 160
2021 321
230 229
2757 200
3992 398
1982 18
3766 473
468 281
3991 459
3763 349
384 170
4424 353
4550 179
3826 124
3571 279
4028 307
479 456
1202 106
4255 186
5477 448
1938 473
5871 296
3088 441
5177 210
3683 297
5514 176
2400 363
461 293
80 46
861 337
3655 233
4493 78
4339 4
1556 94
1697 11
2891 102
2274 348
2256 254
3805 188
3124 253
1201 202
3917 173
1715 298
4198 456
3694 99
4000 224
4581 245
5393 486
2364 451
406 402
2994 209
2311 386
5683 117
2565 119
763 82
401 341
64 45
4307 155
2598 357
1971 28
3112 122
678 30
532 26
6016 167
4563 58
5381 305
404 177
3965 125
3811 293
1945 401
3106 236
4919 173
1483 218
460 350
400 343
4305 404
757 24
3039 360
2341 398
3919 463
4158 257
2246 483
2875 393
229 213
3521 265
4046 108
3649 270
2928 263
5641 346
743 368
2798 325
2485 322
5723 218
2438 164
1082 20
4811 95
463 9
386 58
513 314
5049 212
4721 257
815 317
5587 142
327 71
4630 456
649 168
2300 207
742 365
4107 448
5902 299
3958 398
1523 407
5668 114
6022 403
3412 51
4806 345
3165 124
4085 78
942 442
927 353
4900 18
477 339
5547 98
4578 371
5617 479
162 8
4203 260
1485 447
5908 27
2969 114
4715 335
4420 22
1419 399
4370 439
160 9
4436 400
475 52
2439 4
4340 164
298 61
449 343
276 245
508 281
4822 159
1267 17
644 33
5293 441
1538 338
4556 402
2170 38
4763 483
1689 384
719 427
5913 11
2375 95
5907 391
5545 262
4065 87
4312 132
4095 51
5579 106
442 356
424 46
2131 442
3569 51
451 210
4162 22
3929 394
3754 155
3030 295
4010 252
3668 267
3505 309
397 117
5280 432
1830 257
5584 208
3492 487
1188 139
2368 431
5306 177
6088 325
4333 363
4343 485
1397 257
2764 279
80 20
3356 223
3896 30
6025 305
3804 394
626 233
272 95
485 363
5900 258
1709 181
475 397
457 256
4687 161
4817 473
4217 446
2666 73
107 27
397 115
2062 360
2487 116
3064 152
478 38
3862 96
2877 443
5880 10
1152 54
223 126
5252 42
2770 467
255 134
1370 407
1710 406
3221 358
619 97
3381 476
3697 314
920 461
4648 480
4188 160
5738 373
4002 315
1521 209
5100 370
1600 104
441 82
5683 414
3116 346
562 229
4950 41
422 252
5511 6
1098 431
681 461
390 217
616 203
3288 110
236 218
4009 287
2145 432
4121 220
5071 16
5306 229
1935 358
3503 293
3619 290
3745 8
3274 206
2603 102
5840 482
199 191
4805 242
2840 478
658 168
2113 488
557 485
4522 107
1529 338
296 121
4526 279
436 121
1981 111
3646 235
4297 247
5211 66
3921 445
3024 198
755 488
1933 345
4370 21
3147 163
460 148
382 243
701 196
3609 307
5817 208
2517 394
342 79
1136 229
5053 70
4549 150
1111 263
2927 486
1961 89
1140 338
441 306
2667 215
4043 290
3634 218
1629 486
2081 181
1003 255
4976 280
443 252
3360 181
329 203
4038 229
3087 452
2154 445
1468 358
4711 210
4607 404
2610 11
1644 79
2847 215
1472 51
456 242
5570 86
1372 111
2991 174
5652 235
1829 277
3201 293
4326 58
1683 290
404 4
466 244
3725 298
5341 255
2489 258
1724 341
420 382
6043 400
289 8
2826 207
5704 476
570 229
2712 179
1689 223
1954 17
377 18
2240 330
4674 437
444 147
4591 298
1313 343
1855 18
4838 69
3266 211
557 298
5691 76
342 231
1063 139
4609 407
973 257
1070 11
3206 29
1480 6
4339 149
2532 351
149 28
4316 42
4467 106
329 287
5032 208
4973 401
5027 76
4945 252
475 349
1516 382
1572 393
3866 90
5481 243
3340 126
393 108
3952 215
52 39
3166 484
3564 283
3280 229
1445 168
4196 414
6044 485
4960 488
5480 400
536 442
3836 38
2947 84
4527 210
2679 314
1674 474
2499 48
744 445
341 15
4944 87
3924 439
1985 199
6026 263
3301 476
155 17
5084 21
5741 432
5703 452
3810 338
989 97
5503 177
204 28
2438 117
438 435
5119 17
696 151
291 150
4013 408
3046 173
4343 139
5983 359
340 64
4027 6
3687 53
5855 179
2247 293
337 135
481 420
1513 206
5689 168
4488 122
5907 364
% 6100 6100 7515
4765 268
1689 483
6085 366
2169 255
5198 188
3511 183
390 229
5635 282
386 370
1847 482
5550 460
1011 322
364 242
1147 60
4680 247
2799 365
1468 90
4602 482
2438 182
6014 73
2358 356
4224 456
382 319
4652 156
147 100
3229 95
1607 1
3693 290
275 161
3076 242
5139 23
3629 317
3624 123
999 456
414 366
2904 91
5210 78
2742 236
4641 370
3967 262
4743 488
6006 118
442 420
3338 292
5003 475
442 431
5845 293
5802 69
6054 2
571 235
3883 267
4670 325
4978 4
3492 303
3620 70
616 432
731 449
831 199
5724 307
4711 71
466 369
631 80
5947 147
5127 460
922 229
602 85
2857 164
2572 381
3229 226
3886 463
5237 338
3860 41
1589 360
4402 218
1448 64
5634 290
3427 346
2387 106
3927 308
672 318
492 154
2720 238
1935 252
1567 470
4346 467
1476 163
651 387
2915 18
5848 184
483 433
479 223
3608 28
3595 485
5789 20
269 261
1178 360
3183 287
4276 404
5182 306
3506 279
2956 318
4090 151
1770 350
2901 155
1406 206
5498 255
1832 476
4578 257
2710 436
5665 132
4068 483
3136 140
3092 122
5310 374
302 251
407 338
2827 456
5091 87
4176 447
3447 422
4750 408
2901 244
584 368
5866 424
3787 400
2234 239
2487 144
4873 234
4621 84
1784 437
5255 77
1608 4
2692 432
6099 440
4938 270
2503 127
389 343
3974 17
2285 179
1932 43
3409 93
1252 381
4036 229
1105 102
4369 373
2353 386
2381 233
5167 310
479 71
2532 70
1444 209
6058 197
1361 231
162 121
3292 237
845 422
3281 316
3110 17
1669 381
731 378
5799 86
5779 201
2725 489
1957 290
4619 158
140 92
5217 69
2558 320
4026 432
3637 303
2736 67
4495 399
2239 295
4917 8
1221 391
55 51
3167 290
1239 406
894 451
2570 268
446 38
3745 275
4982 126
1905 268
3264 149
2346 102
1781 270
1219 51
4670 269
2385 274
2438 337
3990 313
382 24
5296 236
155 72
1494 333
3101 26
5651 121
3785 306
5352 409
2384 478
457 442
4582 297
5043 2
839 263
3747 363
3090 220
3282 448
3209 356
4234 488
1079 43
2056 85
1247 290
2959 262
4790 17
814 483
1143 176
432 244
5683 212
435 356
343 286
2022 186
4411 363
2923 103
2293 164
608 115
1893 376
3652 287
515 38
3727 424
4747 384
3527 291
1004 233
4054 415
4590 144
431 238
4667 379
747 122
468 343
5056 173
3196 387
4330 381
3633 392
454 338
3007 111
3661 448
3853 8
3480 315
3370 285
2083 363
370 126
4695 161
183 80
5422 325
5295 239
3981 365
364 170
3362 410
4321 437
282 174
5471 407
365 96
440 116
4847 445
5138 489
1943 284
443 422
4837 231
138 54
3496 91
1145 318
3808 140
4996 380
5635 364
5303 399
1649 168
3888 124
5648 280
5392 342
5515 317
2704 443
5842 68
2841 392
1595 17
4024 470
5740 479
5135 267
5276 402
6085 49
874 254
4966 252
1585 407
3945 121
3753 340
5280 1
4316 219
5577 41
1104 255
1272 42
4670 8
309 306
1235 285
5994 197
2773 313
3926 410
1134 234
1402 373
5931 77
465 231
2233 343
4500 78
251 28
4695 155
156 99
370 174
357 252
3567 233
1911 410
1806 392
3736 370
2449 95
2996 155
3669 156
5343 154
5727 367
2478 199
2518 233
1634 245
5517 346
4313 297
1258 426
1275 257
5506 136
1997 443
1055 308
2695 307
3148 232
4003 431
4422 102
659 68
357 90
451 8
5720 231
126 71
5978 310
443 75
3942 269
5585 142
859 82
5169 373
945 11
4699 254
2959 71
2263 277
1418 31
4980 263
2069 293
208 125
2584 74
2293 314
2157 167
393 370
2975 317
4257 102
3784 194
4988 375
557 156
1625 442
6001 10
157 124
871 20
1886 49
3697 464
371 11
1621 334
5822 97
610 295
2354 147
1014 164
935 175
5815 480
2472 212
1023 455
1256 391
881 16
4387 377
1979 377
795 244
2469 473
184 38
4053 390
5697 1
2653 381
3623 239
1262 156
417 377
308 52
4643 63
5445 235
1719 402
266 228
6036 184
3402 421
1508 366
5979 432
5279 486
5291 431
436 275
2114 463
302 177
4884 140
371 317
2481 368
4839 262
2426 28
2830 366
3568 116
3505 317
386 314
504 284
422 157
470 437
1033 346
5863 267
5094 297
4024 291
5907 384
4241 376
184 113
449 205
5864 389
1389 18
3569 309
6089 57
5821 276
751 82
4232 123
5791 279
5111 314
5316 330
1097 307
3393 476
3793 238
2517 262
420 278
5788 485
2523 121
4351 269
2655 343
3636 298
3798 399
1005 467
984 58
210 117
460 46
1996 399
78 54
4687 126
4304 198
3357 439
2946 392
2783 376
783 45
4365 443
3739 451
4919 475
4839 69
2906 124
5851 365
4109 420
1206 217
283 144
5299 142
4986 62
4617 73
4901 183
177 28
891 478
2811 377
2180 94
2266 278
2635 391
3005 142
383 252
4692 298
5286 346
4166 44
2304 451
5579 337
4264 334
351 177
2378 84
911 319
3590 153
268 34
2771 338
5395 60
4550 412
1616 138
995 430
4394 422
76 13
5828 442
2792 41
3157 393
371 343
4316 95
2408 142
4805 118
1747 307
3925 431
1251 366
4314 487
2287 9
196 95
207 101
2506 4
5726 432
1650 20
173 87
2057 366
5898 245
3852 284
2596 445
3818 188
2670 307
5173 290
3965 461
2945 122
420 356
4310 69
460 5
3460 179
300 170
1921 48
4725 90
4067 325
1920 16
5089 489
5807 459
3883 456
905 157
3558 365
2475 73
2881 290
5918 202
704 102
1725 201
5013 206
958 387
5625 355
5111 255
3134 34
2731 338
322 215
972 349
5903 409
3039 295
1760 247
4376 373
1947 257
2088 396
4230 402
2645 160
3382 476
2494 28
2261 322
1359 488
1807 151
5810 367
4769 330
5600 280
2498 156
6099 231
10 6
2306 212
586 51
2956 231
462 125
3141 314
4868 281
1043 224
3271 386
1110 451
1472 29
5907 47
4300 87
4927 298
1034 360
3147 366
568 407
1020 53
3346 374
2963 402
2869 450
5062 459
282 175
2276 440
1825 173
1026 314
69 8
236 147
1870 327
2412 374
974 281
392 155
1488 65
1943 28
253 213
1721 115
1745 115
4381 206
1541 153
853 360
4971 265
5365 346
4815 40
3409 316
5057 402
1355 138
5381 164
2493 445
2259 177
1337 91
5261 439
3256 319
1139 372
3744 127
56 42
1979 443
3361 284
5782 302
4306 483
325 155
2478 477
2714 267
173 89
2564 17
4529 1
763 436
737 38
6044 210
3431 223
298 156
2768 291
441 121
2704 252
2946 155
6085 86
3859 452
6073 404
1005 235
6016 341
3830 160
4589 185
504 47
2342 85
3034 226
4124 355
5626 153
1147 472
2370 374
5350 454
763 121
625 60
831 325
1834 265
435 177
3794 348
1350 398
1582 121
3786 409
448 96
4184 252
2446 311
348 99
4914 400
5775 340
5540 18
460 153
5251 379
277 265
3580 258
183 1
860 463
4401 280
4892 22
431 349
3340 71
6051 79
1665 161
895 486
4539 359
382 176
1156 194
268 113
3455 326
394 8
573 267
6066 428
3141 368
368 314
2920 222
5494 112
5601 267
5798 239
3347 330
3791 236
2101 370
1726 293
4575 348
4403 44
3756 489
1410 109
5310 178
1734 227
451 289
3517 298
2976 29
894 215
1422 245
4937 179
343 104
1990 303
2094 60
1811 452
2370 139
4482 88
4676 376
3225 369
4329 82
2803 365
5937 268
460 314
4239 223
352 22
420 299
3773 354
302 4
2953 377
2568 189
5528 199
3694 366
1121 27
3528 307
5307 287
1068 126
4773 80
5216 153
4227 220
3156 30
4924 215
2538 356
1386 400
264 117
2516 399
5769 238
5552 164
5711 376
5816 466
384 182
4353 26
5859 87
5462 20
5771 409
3423 357
4259 209
4532 122
606 422
444 188
1345 88
4695 269
2215 467
3049 415
393 126
2761 484
329 175
5489 62
429 293
4217 263
2525 173
2353 451
5005 460
269 223
2463 278
4293 396
1559 122
5981 449
4057 398
2528 440
1998 252
796 308
4832 461
394 325
162 105
3226 318
5811 342
3670 369
3303 369
534 402
2901 1
2724 414
1179 391
5422 476
3465 71
1166 284
739 452
1694 97
5219 376
3613 394
1449 278
4681 257
5511 91
4803 121
5474 193
4816 167
5460 430
3048 297
6088 262
2531 209
391 384
2198 393
535 97
4678 179
5775 116
5987 183
1512 290
1044 244
1805 51
5773 317
1103 325
2539 106
5425 236
262 223
5956 193
3177 421
5146 392
1744 117
454 299
428 366
206 34
2090 199
5431 346
3825 400
5036 232
1571 330
597 407
5061 346
4557 363
3042 40
1210 160
2315 174
4556 317
4027 20
5266 257
2241 343
2991 223
6068 364
2774 198
3708 303
5411 335
970 397
3723 20
5699 18
2001 433
4536 440
3031 188
4362 87
4958 267
282 255
3905 357
1986 325
2355 302
5964 476
1325 406
5889 76
2533 210
4198 215
5590 290
5403 329
4009 177
5272 164
1347 114
4681 253
5609 84
325 41
5782 10
2075 406
3548 157
4325 406
4411 332
1740 242
1596 106
3340 386
3160 98
4009 445
2545 6
5560 408
4408 99
4857 202
223 161
2147 16
1420 247
5456 329
6022 162
6100 314
643 407
5438 374
479 262
4752 293
5200 107
774 229
1510 200
1930 343
1785 399
1992 24
517 210
432 352
1459 191
4365 174
4027 80
205 27
5762 33
1221 37
5167 298
4437 51
5250 341
4190 290
3757 288
4405 31
5165 297
2982 257
4889 70
3203 319
3403 156
1290 472
5110 29
4283 71
5485 404
5551 98
2709 360
2132 7
5595 436
843 114
5947 470
4989 47
1913 244
2586 102
1967 381
5998 212
296 8
5783 329
5676 436
4594 263
136 48
170 161
4281 470
4808 142
479 161
277 31
5508 62
4937 84
1214 341
69 31
456 80
3685 84
4130 22
2383 406
3758 223
2419 24
1144 56
220 100
3012 464
5271 456
4637 161
5560 400
3604 206
4550 118
2545 443
878 234
5805 116
5911 24
231 79
473 356
459 429
5774 399
3939 365
3376 302
4529 51
3410 483
3784 366
590 236
1816 365
5391 452
5040 432
1615 483
2940 167
2353 46
842 431
2162 462
1973 307
887 297
3211 20
5092 208
4418 311
6072 280
3113 226
3321 292
484 231
282 224
1184 298
2709 63
1051 98
3904 3
463 107
4931 402
3285 206
5420 105
1652 109
3454 117
3038 363
1053 53
2054 317
4662 422
2152 407
1273 267
679 357
3839 397
6053 4
400 164
160 36
1461 174
5014 447
3340 339
1340 97
2694 249
2760 298
2883 440
909 351
449 104
3566 121
4749 147
4459 346
1218 309
4855 381
4394 400
3982 443
3385 164
6013 222
1461 386
3873 335
2875 8
431 374
2416 54
2068 173
4282 252
5688 191
5579 366
2275 104
4727 443
3971 415
5368 290
2043 396
404 38
2707 210
3683 102
3199 439
464 314
4064 411
4842 144
5223 486
5325 282
2508 103
5371 61
2025 421
4504 252
5763 86
3810 208
6005 179
3289 285
1230 441
5312 330
5731 137
266 111
589 492
4021 273
1427 236
2481 212
3296 147
382 374
5854 455
4843 440
2028 34
5241 122
5105 260
5361 329
6074 338
3278 461
1133 468
2355 212
4339 384
5821 379
690 346
5039 100
4834 379
2214 144
5022 38
268 206
1829 394
5222 245
4344 413
366 49
4618 96
2203 151
1074 485
2706 42
3063 82
952 473
369 305
5122 401
6088 8
2007 223
4991 21
2643 99
420 353
958 385
331 282
1689 268
276 211
5511 358
4245 485
3192 488
3137 212
5906 404
4433 258
479 255
4707 94
4965 409
1069 414
729 311
5478 460
4771 370
364 269
5852 400
2114 163
275 8
2956 420
6049 324
5130 28
356 147
5782 156
443 420
4027 443
5422 277
4052 439
339 155
1534 261
1140 470
388 243
627 183
5062 240
616 160
1894 320
867 34
5765 206
3068 369
6093 276
2184 333
3484 396
144 11
4794 315
5818 184
3131 346
1029 350
1297 476
6018 388
965 131
2957 490
3554 439
3340 31
559 424
1872 82
1655 82
4107 129
1378 484
5837 406
3394 476
2969 231
1380 401
5683 111
4583 337
2347 220
3757 266
1158 410
1643 231
1241 317
1152 74
5130 404
420 12
370 58
269 161
412 46
5356 380
3889 456
3942 258
3734 318
5411 44
3442 139
4875 223
1903 322
1081 173
432 185
5089 78
5267 432
483 337
3352 317
427 343
5179 340
3319 307
3882 223
5011 21
643 116
1678 400
1713 203
2233 447
1204 424
2952 177
3233 54
1400 340
1235 172
2863 446
5379 306
2257 335
411 121
3731 107
4638 208
1014 95
4768 467
2517 325
555 107
3201 365
3443 339
5739 257
3358 401
5453 427
391 202
4661 492
3351 406
3864 236
2402 365
227 195
476 265
4001 206
3014 233
2998 269
3842 467
356 92
1520 17
3900 120
3369 484
2304 156
2869 412
5611 153
5446 124
2499 359
3340 436
282 34
1702 84
3000 99
2250 441
2332 265
1703 79
5887 399
3835 371
677 488
1135 369
4577 400
5961 162
4542 163
3705 186
6097 10
4561 422
4854 5
4986 111
371 144
1308 257
1404 215
3733 80
3893 99
5757 52
4543 18
337 268
2649 409
1928 207
3983 44
5131 325
5108 144
396 217
3691 454
2406 376
408 352
3622 307
3747 239
5963 341
3955 309
5071 431
2095 92
1385 395
3696 439
3874 485
4359 302
3691 470
4328 132
202 139
2370 95
3189 153
4304 298
431 305
5944 215
5434 460
3421 297
5686 403
5821 280
32 30
3208 400
3415 73
4371 356
5671 408
2186 452
423 343
1461 126
5162 348
5841 74
2707 485
5345 130
4907 116
2512 338
890 459
1466 6
424 386
456 255
431 420
4062 31
4861 394
2886 330
4822 490
2159 38
5100 386
3457 183
5148 408
5858 200
5410 404
2875 325
436 199
4223 485
2943 444
4231 304
6063 277
4222 70
4339 302
479 476
4452 20
2991 126
1950 393
3208 87
1903 307
2896 207
4258 346
5916 42
4509 460
3334 209
1936 413
1558 189
1802 186
1936 106
3163 61
1371 210
3841 206
5157 218
2029 176
2001 282
5643 194
2232 87
246 130
2707 46
2627 288
252 90
4947 51
451 46
5406 327
51 29
3885 444
2314 341
2503 444
3095 282
3152 149
3932 147
766 448
3155 314
236 100
4841 77
4975 3
2388 426
3042 270
4657 47
5073 76
5197 258
137 97
225 18
298 210
3236 387
1477 343
3374 244
4671 343
452 352
382 343
482 394
2357 82
3423 90
3046 282
1959 292
4497 28
4282 164
4890 255
184 103
334 317
5168 254
732 457
3217 306
826 386
3193 85
4957 91
145 126
310 106
3059 70
525 20
388 95
3982 392
1776 400
407 342
3755 287
2754 173
4905 29
1552 204
4814 115
422 282
4308 251
2303 260
3186 232
364 80
1057 244
2742 218
3579 106
4794 440
4365 314
1095 298
3972 177
758 290
460 36
4866 29
4976 307
3684 348
5500 27
5949 10
5970 430
3522 434
6059 257
4845 127
2757 152
1695 215
2257 210
1686 4
1356 447
2124 413
4102 160
3428 22
4359 263
3612 109
848 284
4329 441
369 175
310 164
4082 394
5126 157
4372 208
4239 186
4563 69
5775 179
3967 191
1035 87
2965 281
1482 51
314 174
1171 115
2481 179
4998 341
3896 284
4031 270
210 156
1933 127
5993 467
3776 251
420 256
5490 244
5947 317
3546 462
327 126
1525 396
715 97
3318 454
5225 108
831 477
1462 287
2519 376
4776 38
5632 157
422 287
6082 280
2567 316
479 455
2300 67
1845 118
4833 461
565 424
1770 82
5939 481
1462 290
3706 456
6023 243
2134 121
5638 229
5350 236
5507 267
5418 340
3018 257
2260 335
2873 442
2845 443
3146 336
1699 420
5137 98
5503 443
420 55
4918 164
3626 413
4902 78
3439 356
4476 457
317 244
792 236
2353 60
1795 107
3711 48
2542 451
3067 191
1821 483
3247 365
5226 371
5394 70
5416 346
1229 366
5363 287
5055 35
106 20
4815 208
4458 255
4561 132
957 16
4355 380
2552 278
5820 282
6020 98
5045 76
2053 370
2123 22
451 394
4785 139
284 4
1804 113
5973 136
1067 258
1689 242
2024 164
1249 293
5865 124
452 408
2416 1
1108 429
4490 485
6012 207
4233 448
5765 34
3861 196
554 67
5251 155
4701 159
1856 236
5564 263
4365 105
2666 215
5378 398
2834 483
1027 188
3965 288
5399 473
4821 282
1153 338
3502 370
2331 231
4962 233
2938 64
4585 391
3536 167
413 369
4913 350
411 349
5432 340
3333 337
5039 432
3200 335
3059 472
5905 482
324 252
431 422
460 255
3831 414
403 299
2012 94
4799 244
1867 440
1658 111
388 374
5644 414
4105 21
1279 217
2178 188
3548 102
5246 85
473 454
1450 343
6067 86
4701 454
2786 406
490 420
457 169
6050 8
4795 234
2877 252
5187 122
3431 126
5333 229
510 464
2352 113
661 402
1024 384
4825 359
3014 168
2532 482
1436 91
4140 229
441 229
4982 71
3565 200
4100 13
2795 121
4109 182
3392 370
1808 176
5170 373
5951 225
2065 1
507 353
5752 174
3719 208
195 141
386 327
598 209
946 307
5189 252
3960 407
5240 183
3642 359
4659 462
5375 94
2001 485
1639 348
1841 239
768 50
1502 168
4494 473
3597 267
4039 229
4662 282
3435 196
4968 454
1206 340
4137 94
4588 160
2284 74
351 304
1033 360
1848 258
3213 207
257 156
831 155
5641 293
4864 88
1992 286
1026 255
5783 341
5375 354
1922 360
527 307
4764 431
5996 77
4936 451
1164 293
2888 459
4685 414
2152 317
1307 124
5029 22
370 223
921 127
1124 18
4753 473
5623 345
5302 236
5961 280
2363 356
4292 142
1867 407
1858 22
2779 27
2540 281
3827 381
197 194
1826 407
2842 188
729 432
5079 77
3370 431
1774 391
4555 422
436 289
4622 371
5961 20
370 161
4421 91
6076 52
3473 455
4935 78
3446 53
618 127
4651 341
4686 371
5933 338
5766 151
4025 102
4662 485
5802 232
3058 64
4474 459
430 153
5957 407
4912 366
1054 283
5330 105
1284 224
5207 485
266 124
3636 124
4325 371
1245 168
4444 22
2838 473
6041 476
1122 406
3608 284
3061 254
2106 274
4471 109
3345 385
397 264
293 222
5672 87
4643 363
966 204
4453 307
939 285
1670 96
3469 144
1181 129
364 6
3244 407
3149 381
5461 464
4204 491
4335 98
3044 365
4652 99
327 174
1770 485
259 4
1183 400
1249 214
1902 91
4282 163
3072 431
476 8
1037 316
2722 448
6085 381
636 140
1199 376
5670 461
2594 46
6093 392
4695 485
5789 341
4547 44
5635 314
3956 231
2760 485
5193 293
5744 384
5321 400
5849 360
295 51
5383 402
3853 161
5782 280
4467 182
3981 346
330 141
4915 44
200 152
3458 298
4641 244
321 203
4448 353
2813 149
4213 443
3991 4
5279 78
4307 72
5710 237
1401 297
5621 207
340 23
3339 11
5274 164
4425 312
2914 260
300 105
3679 334
1864 26
1752 211
472 60
2789 81
3152 369
1309 332
2062 485
1554 161
793 341
2497 260
1604 432
5301 44
4936 69
3666 208
1475 87
2804 87
3715 164
342 94
5433 479
5289 21
3712 99
3644 109
4486 182
799 71
5712 476
3330 343
242 124
3174 384
5175 404
741 373
5596 53
2321 312
249 174
2488 440
3813 452
4020 351
3185 461
621 42
3217 142
412 386
384 173
299 1
647 433
5649 441
5607 407
286 205
4034 485
3406 229
816 11
3780 255
2807 219
915 400
4045 48
1962 451
4811 427
2209 160
1151 176
5687 363
3776 446
5198 462
2651 188
831 482
5697 51
476 275
4492 358
5232 409
4208 346
4826 380
4370 177
853 485
3724 397
6098 446
4731 96
2442 267
1979 6
488 254
1992 205
1935 357
3784 337
4765 460
4935 379
2362 252
2604 317
1154 243
527 245
86 81
3163 80
3413 397
197 54
5476 455
3799 250
4853 205
1591 437
1637 267
979 297
4556 208
852 236
3549 51
1654 406
5986 459
426 203
5686 407
1672 97
2791 317
1332 445
1522 20
4616 78
2431 432
4058 292
4031 327
529 144
1300 215
3961 472
951 7
5137 62
2333 442
3938 223
4818 443
5679 297
1395 341
5584 473
1152 343
223 174
697 194
2259 288
5962 476
3199 267
5422 155
2380 52
1422 450
343 264
3340 155
4673 175
4176 422
4644 11
755 307
2463 282
4991 142
443 177
3142 173
358 151
3985 91
5618 413
3391 476
344 177
5299 330
5682 477
1984 234
1801 244
2141 295
5706 183
3766 356
477 223
5292 89
2021 426
5861 74
2924 299
5478 5
2251 390
2302 390
350 174
2532 302
194 80
5156 210
2362 456
1024 287
1642 445
2904 399
443 374
5294 86
4227 24
4174 103
325 8
126 58
1589 173
2229 194
1553 180
4187 245
5041 117
2709 298
2625 79
358 347
5533 282
3817 309
161 126
3046 98
5216 258
3856 271
1127 456
1779 485
4378 60
1193 489
3747 332
4215 17
4590 283
4828 390
184 96
4974 280
209 15
1016 106
5802 275
384 212
6090 253
680 267
3134 206
1278 97
2817 151
1216 42
1988 85
3497 202
5374 62
853 363
2313 20
5546 431
184 88
3224 309
2892 469
1457 65
4902 379
5254 348
6000 69
1934 109
4556 13
2930 35
5528 191
894 366
5306 213
2700 454
3710 359
1294 171
302 149
1568 104
3023 42
4751 90
3011 385
479 174
2275 474
5748 428
2858 462
80 70
4468 200
1853 406
4628 288
386 355
2373 239
5462 341
4170 461
4359 28
485 348
844 340
2051 406
420 58
343 27
298 63
5882 451
5436 28
4585 156
5221 77
1811 427
2808 243
3529 258
483 113
1125 113
5076 461
480 51
3664 223
831 339
282 126
4766 467
4524 451
468 377
5695 261
3918 292
1298 476
3125 483
3984 455
3340 269
5297 330
2901 299
6021 291
2355 451
348 327
4945 317
3405 243
5234 421
1146 331
5086 341
3936 22
5728 372
3451 51
3547 231
448 365
4558 114
5047 414
1345 318
1045 470
4789 103
5660 28
255 242
3627 202
266 28
1005 470
1591 242
452 176
2397 204
4269 29
4853 220
3560 117
456 422
1426 47
2701 229
5653 6
1330 202
3869 311
5980 154
3207 38
388 176
5620 364
4711 44
6016 460
414 36
3828 168
364 252
2092 322
1322 482
1582 441
5796 385
5734 21
1811 53
375 120
422 126
4702 439
4533 18
180 155
4187 78
371 84
4786 223
3093 307
3745 325
2355 414
1715 348
5776 160
449 179
4506 356
1257 437
5503 21
1764 166
4506 435
1320 144
4297 443
4326 16
1022 297
3795 422
4373 21
3527 454
2010 244
443 80
3000 29
5759 209
364 113
4873 365
2328 402
5572 236
3050 156
5683 60
3769 6
5069 160
803 285
1863 368
801 481
4524 414
5323 445
436 394
2339 483
2496 22
4979 149
5537 314
424 126
2060 317
282 206
2472 456
4711 485
355 126
1265 406
343 164
5053 121
1783 20
3458 485
4535 279
127 40
4481 366
5388 149
1032 299
1514 330
2076 298
5531 374
1582 82
274 58
804 118
4663 307
5486 74
4945 73
650 179
4457 44
313 75
881 209
3762 426
255 175
1727 209
3820 367
3121 207
862 87
5905 44
388 381
282 249
4373 314
4696 314
4442 353
2320 171
3829 402
1072 13
489 327
4656 372
4976 276
5521 340
164 3
455 61
2333 360
4154 87
3813 281
1617 174
5073 304
5154 422
5583 2
2394 313
475 343
2619 13
460 258
6072 350
1962 179
3453 26
4588 431
3813 408
2713 411
5782 46
1059 107
6063 31
3485 213
379 343
252 75
1619 124
4853 294
4211 211
280 58
3277 109
1358 74
4688 188
4694 2
4239 267
4657 404
351 149
1455 343
1560 366
451 153
3754 269
836 381
5598 126
2862 131
1222 74
5790 379
1127 481
1422 483
488 307
314 255
1761 382
3320 250
6003 98
3478 431
269 262
984 239
4600 26
2454 454
5337 21
2875 161
5650 10
3121 96
5149 171
5428 218
717 235
5776 297
3923 220
910 373
298 198
4413 236
80 6
3754 223
2006 414
2359 417
5403 268
6066 310
2077 489
5148 311
5839 349
431 27
5443 279
3080 144
5941 79
277 8
2979 450
2245 243
1505 164
4925 406
388 319
4473 390
1062 338
5884 249
1811 176
4664 340
783 84
2458 252
5019 280
2219 317
369 105
468 164
5579 310
4691 194
431 369
3765 318
1699 449
4484 74
1697 257
2322 138
4702 280
3965 188
5778 62
3741 160
1395 443
325 261
6071 476
6027 406
2314 17
851 155
4574 9
2279 231
1797 407
2612 372
4750 452
5117 404
2336 414
2959 223
817 396
972 48
1230 485
431 160
3161 476
2355 179
3890 411
4860 269
1614 290
894 124
5850 127
5360 455
2526 201
1333 200
2763 155
4173 103
329 126
5424 167
1935 90
5499 343
1589 397
5772 180
4172 21
5279 17
443 242
3172 475
702 215
2222 73
342 129
5880 252
1070 144
3827 390
2321 311
4525 406
386 224
246 121
5698 476
4823 42
443 174
483 456
5304 229
2013 257
4447 353
3722 33
3797 461
5874 255
357 356
4909 441
1393 58
3039 218
579 449
4761 160
446 28
391 139
4829 465
4253 177
2107 443
3326 341
5589 44
991 42
5503 280
2846 384
1104 126
6056 242
4858 44
2633 448
358 297
4337 306
5658 43
376 255
2864 483
5525 462
3965 124
451 4
3380 126
296 72
1445 87
4242 233
1318 251
1671 483
333 176
1836 304
4615 358
2717 335
5189 490
6050 265
407 317
6022 76
5497 429
3380 386
3905 454
5680 406
706 339
3270 204
2077 224
3045 87
646 26
479 358
4822 116
1049 207
4290 485
420 142
442 360
2769 85
5509 314
1114 51
1705 74
5275 247
2608 82
1102 356
5560 463
489 174
2233 422
5593 445
2679 390
660 342
1606 122
481 135
899 232
3340 153
1181 238
212 36
351 302
5962 479
3928 85
4182 370
1770 198
2680 462
1220 263
5011 439
1465 454
412 353
1039 267
807 399
2324 51
1724 464
5675 456
2448 53
2853 435
4432 124
5264 443
261 161
3431 485
5733 62
5978 337
5454 11
4750 311
4120 483
339 325
3227 109
5217 370
1968 174
337 314
3370 308
3757 456
5422 262
2324 160
2376 27
6064 155
2904 412
1844 96
5437 198
3845 462
4672 297
5886 86
1661 481
3836 157
2417 186
4896 96
4477 431
5882 384
4677 380
1065 318
5615 314
460 82
3592 311
4560 20
3254 453
2863 284
2932 483
4479 373
1242 293
2510 394
164 104
4660 485
5988 184
2300 191
2398 316
5360 422
1320 484
4304 451
2439 46
844 45
5438 137
199 153
4375 102
1060 116
5496 475
3951 194
1963 307
4985 106
1554 198
4062 69
657 18
3085 23
2772 60
4902 414
5982 233
863 373
5598 82
660 42
4103 481
1036 240
4803 207
854 343
783 11
3028 258
3443 180
3746 330
5793 257
4642 96
5285 380
404 47
2573 436
3760 82
4836 5
296 82
5056 87
484 465
5020 31
4359 4
729 408
2688 257
5362 193
4566 16
2979 422
816 422
3920 406
6078 231
744 188
1063 202
5213 407
5495 44
31 8
374 139
5764 136
1597 483
1528 223
412 382
4630 391
2733 370
4822 440
3075 270
385 173
1110 452
4097 422
5344 440
6063 8
5856 19
5722 401
3917 252
2041 437
3474 168
460 121
2614 467
1470 115
4935 358
5056 132
5097 404
5933 337
2302 168
5227 271
2668 461
3589 328
5953 400
2263 476
3775 346
5746 125
2553 421
2098 456
2931 68
488 409
1660 295
2461 484
329 155
5182 441
772 368
4066 41
4349 486
386 223
3302 29
4012 314
5415 186
4848 2
4279 463
5709 60
1128 6
2272 198
4446 79
5247 463
1580 394
1122 396
1377 335
391 37
5280 343
959 488
1002 362
2820 443
2030 362
992 42
6083 184
2644 400
706 155
3350 341
727 96
5636 460
3507 253
2748 370
2831 462
6068 384
4844 96
4563 223
5676 161
5907 302
306 173
1453 204
1807 483
729 220
5085 26
5375 407
5054 231
1728 407
420 412
1823 106
447 297
808 436
3213 67
4635 2
5270 252
3937 472
1338 358
5676 31
174 150
5112 451
4209 409
5821 21
4546 234
4839 199
370 71
3631 368
4793 126
5088 121
3372 407
5571 310
1413 480
424 71
314 269
1403 45
5106 437
381 57
2171 472
4983 413
3340 161
4976 456
392 17
77 48
4253 346
3678 102
4760 303
5700 384
5510 92
5332 17
866 381
3621 4
2318 473
4483 224
3740 481
5117 251
1477 444
3580 174
1235 468
5968 162
343 24
2951 484
4775 280
4366 245
6088 69
1127 273
5584 354
136 35
524 17
5501 106
84 11
5635 443
2734 267
1131 209
3027 157
1499 436
357 102
3754 262
3318 299
4485 402
729 352
2411 386
505 334
1881 292
2344 127
3512 37
2679 384
5637 384
4700 318
2636 60
2334 158
2917 275
2453 381
3813 176
2001 61
5370 431
4813 173
1539 337
2484 231
990 42
5937 364
4874 20
1866 440
4989 268
3735 123
3298 29
369 177
3062 27
1256 139
2564 175
3872 278
5733 482
1195 150
4644 84
1493 343
2746 282
2455 401
5602 171
420 135
616 9
1034 260
2990 93
5819 484
3925 168
444 356
5003 52
2860 279
2503 357
420 177
3956 440
329 157
1218 52
6057 263
1829 275
3800 220
280 176
920 293
1005 407
3964 20
4015 381
5050 257
934 209
3961 46
2637 106
460 441
3704 243
2910 431
714 475
1896 85
1575 457
5829 17
5877 162
5362 245
453 381
2895 426
4480 132
3020 391
1203 386
1519 406
3851 371
712 239
2137 462
382 286
3337 319
4076 242
5083 60
2407 183
3868 334
3518 27
5319 460
5911 468
449 374
431 343
1173 257
3787 449
1388 282
1711 368
4541 173
2702 236
2574 411
4879 467
2504 294
3982 6
3132 38
1066 222
479 269
457 440
3210 171
5812 184
4427 432
2300 58
1096 109
5797 310
3868 156
5647 473
4178 486
1013 402
4631 18
3631 451
742 95
2883 338
1674 449
2037 421
5535 158
1577 293
1740 125
3308 381
3306 452
5815 51
4373 194
5268 352
207 48
786 288
62 61
149 65
524 341
3836 215
1331 161
5860 40
5803 80
2824 139
596 171
2674 229
2684 67
5880 329
3418 257
2032 483
3316 34
5878 462
354 42
4761 431
386 71
5989 257
2271 74
884 139
5772 177
4291 288
1584 488
2112 52
5372 371
319 109
1748 320
344 159
6070 242
1218 432
4537 168
971 106
5571 111
2262 179
4521 208
441 99
406 340
475 27
1855 402
2018 106
4991 194
369 206
584 334
365 131
4014 410
324 73
246 211
3697 422
460 126
5780 340
2871 223
460 175
2064 461
2108 103
5653 392
4620 34
6047 229
2478 191
5327 153
2153 284
3628 490
855 134
878 149
5018 127
5260 259
3614 290
3750 445
511 202
5441 121
6089 381
5215 208
4391 331
2482 28
5482 30
4786 483
4475 280
3015 151
218 147
3643 60
1696 199
5410 62
4606 400
2212 267
4923 82
3953 120
4652 298
1724 486
3245 343
1305 476
5635 369
2738 356
5373 448
2256 409
4304 280
6068 314
2302 27
5782 350
512 83
1567 454
5437 451
757 269
4404 87
956 201
1807 307
1691 109
5195 455
3092 200
1103 199
1490 258
4131 142
4738 413
909 448
4915 26
4555 20
4967 292
4956 448
2150 11
3912 52
4470 407
1500 152
2238 218
4169 317
5145 352
262 155
256 84
5713 298
2102 82
3399 245
734 314
5611 393
2162 125
4209 254
6004 338
496 482
2336 314
3387 257
1237 400
5442 381
1392 340
397 27
3213 335
2018 20
4737 483
4080 463
3264 266
386 269
1445 365
5663 4
1227 244
4632 84
224 126
6039 63
5224 189
1303 434
5619 76
4184 443
1293 99
2606 296
4354 298
993 414
5142 479
4206 5
473 444
5857 283
1497 263
1987 334
3237 158
329 251
584 306
343 336
5349 415
6079 94
1012 419
3315 202
4334 297
5178 255
6063 275
831 173
211 35
3950 74
1013 322
5608 200
622 60
4226 208
3148 38
5820 44
759 345
1813 406
4936 370
2730 320
5702 77
2921 490
3022 28
2288 106
4409 443
317 11
4460 97
2942 15
5447 208
3340 430
5283 21
802 447
5085 307
791 414
5839 281
5034 160
5825 283
3285 268
3179 353
1068 161
3248 478
3016 87
1236 147
549 94
4434 372
5228 385
2845 252
4250 447
342 144
1964 343
1581 258
3659 396
4981 106
1814 487
2642 413
1712 433
2086 122
652 351
370 244
5905 255
3378 29
553 61
1809 461
2109 177
1751 431
2396 243
5140 96
4529 309
5066 200
2258 441
4138 356
4348 42
5835 357
2654 159
5422 69
2403 389
1407 360
4598 406
5975 103
1006 467
3754 261
3285 34
4796 430
4326 15
427 382
3995 330
6031 406
5061 381
4428 164
540 365
2288 20
2499 100
252 80
5112 108
1784 291
184 173
1859 488
841 317
4984 413
712 332
976 442
4805 179
456 174
4886 431
4551 292
1197 422
4670 69
844 64
2220 159
1056 97
384 177
5366 121
1668 381
291 177
4284 422
280 46
2750 38
3901 441
1360 149
3426 445
2878 345
4243 209
1627 236
4695 394
5400 290
5188 249
2749 365
1168 467
1119 391
3056 257
557 198
4041 39
6066 86
2813 445
5464 94
1133 24
252 91
5098 287
4066 69
5676 69
2478 223
5199 404
5965 86
1329 180
4195 406
2904 330
4945 132
2293 366
348 306
4339 47
1110 182
1506 236
4741 460
1218 51
5876 244
4636 468
4163 233
567 41
605 54
4590 440
3697 17
4754 104
4284 456
656 481
408 311
2255 366
2353 97
1658 266
211 130
